--------------- Training time ---------------
Milliseconds = 6.0882451E8
Seconds = 608824.51
Minutes = 10147.075166666667
Hours = 169.11791944444445
